((("cc" .
   [1 0])
  ("　同一エリア設置TUNOの同一VLAN化" .
   [0 0 0 0 0 0 1 0 0 0 0 0 0 0 0 0 0 0 0 0])
  ("　Syslog/Radiusサーバ構成変更" .
   [0 0 0 0 0 0 0 0 0 0 0 0 0 0 1 0 0 0 0 0 0])
  ("　MRTG" .
   [1 0 0 0 0])
  ("the" .
   [1 0 0])
  ("is" .
   [1 0])
  ("windows" .
   [1 0 0 0 0 0 0])
  ("color-theme-vim-colors" .
   [0 0 0 0 0 0 0 0 0 0 0 0 0 0 0 0 1 0 0 0 0 0])
  ("color-theme-ld-dark" .
   [0 0 0 0 0 0 0 0 0 0 0 0 0 0 1 0 0 0 0])
  ("color-theme-wheat" .
   [1 0 0 0 0 0 0 0 0 0 0 0 0 0 0 0 0])
  ("　何とも言えない。" .
   [1 0 0 0 0 0 0 0 0])
  ("　特になし。" .
   [3 0 0 0 0 1])
  ("　継続意思有り。" .
   [5 0 0 0 0 0 0 0])
  ("　貢献している。" .
   [4 0 0 0 0 0 0 0])
  ("　リーダー業務は、自分ではなくて久米井さんがすると思っていた。" .
   [0 0 0 0 0 0 0 1 0 0 0 0 0 0 0 0 0 0 0 0 0 0 0 0 0 0 0 0 0 0 0])
  ("AE25" .
   [1 0 0 0])
  ("WAIS" .
   [1 0 0 0])
  ("=>月曜" .
   [1 0 2 0])
  ("　140" .
   [2 0 0 0])
  ("　140/8=17.5" .
   [0 0 0 0 0 0 0 1 0 0 0])
  ("color-theme-katester" .
   [1 0 0 0 0 0 0 0 0 0 0 0 0 0 0 0 0 0 0 0])
  ("=>手塚・細い　6-" .
   [0 0 0 0 0 0 0 1 0 0])
  ("　高トラ" .
   [1 0 0 0])
  ("　・３/５リリースバッチ異常終了の件" .
   [0 0 0 0 1 0 0 0 0 0 0 0 0 0 0 0 0 0])
  ("インシデント対応" .
   [1 0 0 0 0 0 0 0])
  ("レビュー" .
   [1 0 0 0])
  ("MTG" .
   [1 0 0])
  ("TUNO" .
   [1 0 0 0])
  ("by" .
   [1 0])
  ("　・サマリ" .
   [1 0 0 0 0])
  ("　・目的" .
   [1 0 0 0])
  ("　・提供機能" .
   [3 0 0 0 0 0])
  ("color-theme-pierson" .
   [1 0 0 0 0 0 0 0 0 0 0 0 0 0 0 0 0 0 0])
  ("color-theme-snowish" .
   [1 0 0 0 0 0 0 0 0 0 0 0 0 0 0 0 0 0 0])
  ("color-theme-gray1" .
   [1 0 0 0 0 0 0 0 0 0 0 0 0 0 0 0 0])
  ("color-theme-gray30" .
   [1 0 0 0 0 0 0 0 0 0 0 0 0 0 0 0 0 0])
  ("color-theme-infodoc" .
   [1 0 0 0 0 0 0 0 0 0 0 0 0 0 0 0 0 0 0])
  ("color-theme-hober" .
   [1 0 0 0 0 0 0 0 0 0 0 0 0 0 0 0 0])
  ("require" .
   [1 0 0 0 0 0 0])
  ("cl" .
   [1 0])
  ("null" .
   [3 0 0 0])
  ("grep" .
   [3 0 0 0])
  ("./temp.txt" .
   [1 0 0 0 0 0 0 0 0 0])
  ("templog_output.txt" .
   [1 0 0 0 0 0 0 0 0 0 0 0 0 0 0 0 0 0])
  ("MEMO_COUNT_LIST" .
   [1 0 0 0 0 0 0 0 0 0 0 0 0 0 0])
  ("MEMO_COUNT_DETAIL" .
   [1 0 0 0 0 0 0 0 0 0 0 0 0 0 0 0 0])
  ("DATE_YESTERDAY" .
   [1 0 0 0 0 0 0 0 0 0 0 0 0 0])))
